number,max,montee,decente,bin,dec

4.0,4.0,3.0,3.0,0.0,0.0

2.0,4.0,3.0,1.0,0.0,0.0

8.0,8.0,3.0,7.0,10.0,2.0

16.0,16.0,3.0,15.0,111.0,7.0

12.0,16.0,21.0,29.0,100.0,4.0

10.0,16.0,14.0,20.0,101.0,5.0

6.0,16.0,21.0,23.0,11.0,3.0

5.0,16.0,14.0,15.0,11.0,3.0

3.0,16.0,21.0,20.0,0.0,0.0

20.0,20.0,14.0,30.0,1.0,1.0

24.0,24.0,21.0,41.0,0.0,0.0

32.0,32.0,3.0,31.0,0.0,0.0

40.0,40.0,14.0,50.0,1.0,1.0

26.0,40.0,41.0,63.0,11.0,3.0

13.0,40.0,41.0,50.0,100.0,4.0

48.0,48.0,21.0,65.0,10.0,2.0

52.0,52.0,41.0,89.0,1100.0,12.0

44.0,52.0,99.0,139.0,0.0,0.0

36.0,52.0,133.0,165.0,11.0,3.0

34.0,52.0,76.0,106.0,0.0,0.0

28.0,52.0,114.0,138.0,10.0,2.0

22.0,52.0,99.0,117.0,0.0,0.0

18.0,52.0,133.0,147.0,110.0,6.0

17.0,52.0,76.0,89.0,110.0,6.0

14.0,52.0,114.0,124.0,100.0,4.0

11.0,52.0,99.0,106.0,101.0,5.0

9.0,52.0,133.0,138.0,10.0,2.0

7.0,52.0,114.0,117.0,10.0,2.0

56.0,56.0,114.0,166.0,1111.0,15.0

64.0,64.0,3.0,63.0,1100.0,12.0

42.0,64.0,46.0,84.0,0.0,0.0

21.0,64.0,46.0,63.0,1.0,1.0

68.0,68.0,76.0,140.0,1110.0,14.0

72.0,72.0,133.0,201.0,1000.0,8.0

80.0,80.0,14.0,90.0,1001.0,9.0

84.0,84.0,46.0,126.0,1000.0,8.0

88.0,88.0,99.0,183.0,1010.0,10.0

76.0,88.0,197.0,269.0,1011.0,11.0

58.0,88.0,158.0,212.0,1110.0,14.0

50.0,88.0,248.0,294.0,1101.0,13.0

38.0,88.0,197.0,231.0,10.0,2.0

29.0,88.0,158.0,183.0,10.0,2.0

25.0,88.0,248.0,269.0,11.0,3.0

19.0,88.0,197.0,212.0,110.0,6.0

96.0,96.0,21.0,113.0,1011.0,11.0

100.0,100.0,248.0,344.0,10101.0,21.0

66.0,100.0,315.0,377.0,1111.0,15.0

33.0,100.0,315.0,344.0,0.0,0.0

104.0,104.0,41.0,141.0,10100.0,20.0

112.0,112.0,114.0,222.0,10100.0,20.0

74.0,112.0,189.0,259.0,1000.0,8.0

37.0,112.0,189.0,222.0,10.0,2.0

116.0,116.0,158.0,270.0,10111.0,23.0

128.0,128.0,3.0,127.0,10010.0,18.0

132.0,132.0,315.0,443.0,10000.0,16.0

136.0,136.0,76.0,208.0,10011.0,19.0

90.0,136.0,167.0,253.0,1001.0,9.0

45.0,136.0,167.0,208.0,11.0,3.0

144.0,144.0,133.0,273.0,10000.0,16.0

148.0,148.0,189.0,333.0,10010.0,18.0

98.0,148.0,288.0,382.0,1010.0,10.0

49.0,148.0,288.0,333.0,10.0,2.0

152.0,152.0,197.0,345.0,11100.0,28.0

160.0,160.0,14.0,170.0,11101.0,29.0

140.0,160.0,192.0,328.0,10001.0,17.0

120.0,160.0,270.0,386.0,10001.0,17.0

106.0,160.0,121.0,223.0,10111.0,23.0

92.0,160.0,239.0,327.0,1000.0,8.0

70.0,160.0,192.0,258.0,1001.0,9.0

60.0,160.0,270.0,326.0,1101.0,13.0

53.0,160.0,121.0,170.0,1100.0,12.0

46.0,160.0,239.0,281.0,11.0,3.0

35.0,160.0,192.0,223.0,11.0,3.0

30.0,160.0,270.0,296.0,1.0,1.0

23.0,160.0,239.0,258.0,0.0,0.0

15.0,160.0,270.0,281.0,111.0,7.0

168.0,168.0,46.0,210.0,11110.0,30.0

176.0,176.0,99.0,271.0,11011.0,27.0

180.0,180.0,167.0,343.0,11001.0,25.0

184.0,184.0,239.0,419.0,11000.0,24.0

122.0,184.0,362.0,480.0,10000.0,16.0

61.0,184.0,362.0,419.0,1101.0,13.0

192.0,192.0,21.0,209.0,11000.0,24.0

196.0,196.0,288.0,480.0,11011.0,27.0

172.0,196.0,506.0,674.0,11000.0,24.0

130.0,196.0,419.0,545.0,10001.0,17.0

114.0,196.0,621.0,731.0,10100.0,20.0

86.0,196.0,506.0,588.0,1011.0,11.0

65.0,196.0,419.0,480.0,1111.0,15.0

57.0,196.0,621.0,674.0,1110.0,14.0

43.0,196.0,506.0,545.0,0.0,0.0

200.0,200.0,248.0,444.0,101.0,5.0

138.0,208.0,180.0,314.0,10010.0,18.0

69.0,208.0,180.0,245.0,1110.0,14.0

154.0,232.0,313.0,463.0,11100.0,28.0

102.0,232.0,416.0,514.0,10100.0,20.0

77.0,232.0,313.0,386.0,1010.0,10.0

51.0,232.0,416.0,463.0,1101.0,13.0

162.0,244.0,525.0,683.0,11100.0,28.0

81.0,244.0,525.0,602.0,1001.0,9.0

170.0,256.0,174.0,340.0,11001.0,25.0

85.0,256.0,174.0,255.0,1011.0,11.0

186.0,280.0,379.0,561.0,11011.0,27.0

93.0,280.0,379.0,468.0,1000.0,8.0

178.0,304.0,714.0,888.0,11010.0,26.0

156.0,304.0,912.0,1064.0,11111.0,31.0

134.0,304.0,535.0,665.0,10000.0,16.0

118.0,304.0,833.0,947.0,10110.0,22.0

101.0,304.0,400.0,497.0,10101.0,21.0

89.0,304.0,714.0,799.0,1010.0,10.0

78.0,304.0,912.0,986.0,1010.0,10.0

67.0,304.0,535.0,598.0,1110.0,14.0

59.0,304.0,833.0,888.0,1110.0,14.0

39.0,304.0,912.0,947.0,10.0,2.0

150.0,340.0,552.0,698.0,11101.0,29.0

113.0,340.0,401.0,510.0,10100.0,20.0

75.0,340.0,552.0,623.0,1011.0,11.0

117.0,352.0,334.0,447.0,10110.0,22.0

133.0,400.0,515.0,644.0,10000.0,16.0

141.0,424.0,404.0,541.0,10001.0,17.0

198.0,448.0,612.0,806.0,11010.0,26.0

149.0,448.0,413.0,558.0,10010.0,18.0

99.0,448.0,612.0,707.0,1010.0,10.0

157.0,472.0,1148.0,1301.0,11110.0,30.0

173.0,520.0,766.0,935.0,11000.0,24.0

153.0,520.0,1304.0,1453.0,11100.0,28.0

115.0,520.0,997.0,1108.0,10111.0,23.0

177.0,532.0,870.0,1043.0,11010.0,26.0

181.0,544.0,439.0,616.0,11001.0,25.0

197.0,592.0,584.0,777.0,11010.0,26.0

174.0,592.0,1022.0,1192.0,11000.0,24.0

131.0,592.0,847.0,974.0,10001.0,17.0

87.0,592.0,1022.0,1105.0,1010.0,10.0

185.0,628.0,2217.0,2398.0,11011.0,27.0

139.0,628.0,1846.0,1981.0,10010.0,18.0

123.0,628.0,2464.0,2583.0,10000.0,16.0

163.0,736.0,1057.0,1216.0,11100.0,28.0

179.0,808.0,1298.0,1473.0,11010.0,26.0

158.0,808.0,1696.0,1850.0,11110.0,30.0

119.0,808.0,1537.0,1652.0,10110.0,22.0

105.0,808.0,1907.0,2008.0,10111.0,23.0

79.0,808.0,1696.0,1771.0,1010.0,10.0

135.0,916.0,2254.0,2385.0,10011.0,19.0

187.0,952.0,3533.0,3716.0,11010.0,26.0

151.0,1024.0,1444.0,1591.0,11101.0,29.0

191.0,4372.0,10885.0,11072.0,11001.0,25.0

169.0,4372.0,11479.0,11644.0,11110.0,30.0

127.0,4372.0,11140.0,11263.0,10010.0,18.0

199.0,9232.0,44952.0,45147.0,11010.0,26.0

195.0,9232.0,41872.0,42063.0,11011.0,27.0

194.0,9232.0,41236.0,41426.0,11000.0,24.0

193.0,9232.0,41408.0,41597.0,11000.0,24.0

190.0,9232.0,41873.0,42059.0,11001.0,25.0

189.0,9232.0,40649.0,40834.0,11010.0,26.0

188.0,9232.0,40365.0,40549.0,11010.0,26.0

183.0,9232.0,40426.0,40605.0,11000.0,24.0

182.0,9232.0,39346.0,39524.0,11000.0,24.0

175.0,9232.0,37903.0,38074.0,11011.0,27.0

171.0,9232.0,42266.0,42433.0,11001.0,25.0

167.0,9232.0,34156.0,34319.0,11110.0,30.0

166.0,9232.0,40783.0,40945.0,11111.0,31.0

165.0,9232.0,40759.0,40920.0,11111.0,31.0

164.0,9232.0,40511.0,40671.0,11100.0,28.0

161.0,9232.0,39912.0,40069.0,11101.0,29.0

159.0,9232.0,23281.0,23436.0,11110.0,30.0

155.0,9232.0,38681.0,38832.0,11111.0,31.0

147.0,9232.0,41521.0,41664.0,10010.0,18.0

146.0,9232.0,41041.0,41183.0,10011.0,19.0

145.0,9232.0,41021.0,41162.0,10011.0,19.0

143.0,9232.0,41682.0,41821.0,10000.0,16.0

142.0,9232.0,40270.0,40408.0,10000.0,16.0

137.0,9232.0,39163.0,39296.0,10010.0,18.0

129.0,9232.0,41495.0,41620.0,10010.0,18.0

126.0,9232.0,42000.0,42122.0,10011.0,19.0

125.0,9232.0,40616.0,40737.0,10011.0,19.0

124.0,9232.0,40428.0,40548.0,10000.0,16.0

121.0,9232.0,39589.0,39706.0,10001.0,17.0

111.0,9232.0,34379.0,34486.0,10101.0,21.0

110.0,9232.0,40894.0,41000.0,10101.0,21.0

109.0,9232.0,40730.0,40835.0,10110.0,22.0

108.0,9232.0,40566.0,40670.0,10110.0,22.0

107.0,9232.0,40127.0,40230.0,10110.0,22.0

103.0,9232.0,38888.0,38987.0,10100.0,20.0

97.0,9232.0,41236.0,41329.0,1010.0,10.0

95.0,9232.0,41873.0,41964.0,1011.0,11.0

94.0,9232.0,40365.0,40455.0,1000.0,8.0

91.0,9232.0,39346.0,39433.0,1001.0,9.0

83.0,9232.0,40783.0,40862.0,1000.0,8.0

82.0,9232.0,40511.0,40589.0,1000.0,8.0

73.0,9232.0,41041.0,41110.0,1000.0,8.0

71.0,9232.0,40270.0,40337.0,1001.0,9.0

63.0,9232.0,42000.0,42059.0,1100.0,12.0

62.0,9232.0,40428.0,40486.0,1100.0,12.0

55.0,9232.0,40894.0,40945.0,1111.0,15.0

54.0,9232.0,40566.0,40616.0,1100.0,12.0

47.0,9232.0,40365.0,40408.0,10.0,2.0

41.0,9232.0,40511.0,40548.0,1.0,1.0

31.0,9232.0,40428.0,40455.0,1.0,1.0

27.0,9232.0,40566.0,40589.0,10.0,2.0

